1760786145542 1.0 15
1760786146614 1.0 15
1760786147965 2.0 30
1760786148670 2.0 30
1760786150147 3.0 45
1760786150868 3.0 45
1760786151526 4.0 60
1760786151745 4.0 60
1760786152175 5.0 75
1760786152449 5.0 75
1760786153162 6.0 90
1760786153526 6.0 90
1760786154039 7.0 105
1760786154265 7.0 105
1760786154753 8.0 120
1760786155000 8.0 120
1760786155472 9.0 135
1760786155699 9.0 135
1760786156220 10.0 150
1760786156491 10.0 150
1760786156943 11.0 165
1760786157168 11.0 165
1760786157602 12.0 180
1760786157834 12.0 180
1760786158308 13.0 195
1760786158536 13.0 195
1760786159040 14.0 210
1760786159283 14.0 210
1760786159859 15.0 225
1760786160118 15.0 225
1760786160696 16.0 240
1760786160960 16.0 240
1760786161546 17.0 255
1760786161788 17.0 255
1760786162353 18.0 270
1760786162597 18.0 270
1760786163204 19.0 285
1760786163482 19.0 285
1760786164086 20.0 300
1760786164318 20.0 300
1760786164866 21.0 315
1760786165097 21.0 315
1760786165660 22.0 330
1760786165877 22.0 330
1760786166449 23.0 345
1760786166674 23.0 345
1760786167205 24.0 360
1760786167438 24.0 360
1760786168004 25.0 375
1760786168247 25.0 375
1760786168803 26.0 390
1760786169051 26.0 390
1760786169609 27.0 405
1760786169848 27.0 405
1760786170402 28.0 420
1760786170625 28.0 420
1760786171177 29.0 435
1760786171408 29.0 435
1760786171952 30.0 450
1760786172213 30.0 450
1760786172770 31.0 465
1760786173017 31.0 465
1760786173563 32.0 480
1760786173801 32.0 480
1760786174381 33.0 495
1760786174615 33.0 495
1760786175166 34.0 510
1760786175405 34.0 510
1760786175960 35.0 525
1760786176195 35.0 525
1760786176726 36.0 540
1760786176972 36.0 540
1760786177505 37.0 555
1760786177739 37.0 555
1760786178274 38.0 570
1760786178522 38.0 570
1760786179058 39.0 585
1760786179299 39.0 585
1760786179824 40.0 600
1760786180070 40.0 600
1760786180599 41.0 615
1760786180844 41.0 615
1760786181390 42.0 630
1760786181626 42.0 630
1760786182172 43.0 645
1760786182406 43.0 645
1760786182933 44.0 660
1760786183186 44.0 660
1760786183751 45.0 675
1760786183993 45.0 675
1760786184568 46.0 690
1760786184803 46.0 690
1760786185359 47.0 705
1760786185599 47.0 705
1760786186134 48.0 720
1760786186373 48.0 720
1760786186917 49.0 735
1760786187157 49.0 735
1760786187722 50.0 750
1760786187963 50.0 750
1760786188542 51.0 765
1760786188776 51.0 765
1760786189347 52.0 780
1760786189578 52.0 780
1760786190128 53.0 795
1760786190376 53.0 795
1760786190910 54.0 810
1760786191143 54.0 810
1760786191685 55.0 825
1760786191919 55.0 825
1760786192470 56.0 840
1760786192737 56.0 840
1760786193287 57.0 855
1760786193533 57.0 855
1760786194082 58.0 870
1760786194326 58.0 870
1760786194859 59.0 885
1760786195111 59.0 885
1760786195662 60.0 900
1760786195901 60.0 900
1760786196435 61.0 915
1760786196675 61.0 915
1760786197204 62.0 930
1760786197444 62.0 930
1760786197984 63.0 945
1760786198234 63.0 945
1760786198765 64.0 960
1760786199010 64.0 960
1760786199541 65.0 975
1760786199791 65.0 975
1760786200324 66.0 990
1760786200567 66.0 990
1760786201134 67.0 1005
1760786201374 67.0 1005
1760786201943 68.0 1020
1760786202182 68.0 1020
1760786202741 69.0 1035
1760786202980 69.0 1035
1760786203532 70.0 1050
1760786203792 70.0 1050
1760786204342 71.0 1065
1760786204597 71.0 1065
1760786205140 72.0 1080
1760786205379 72.0 1080
1760786205916 73.0 1095
1760786206170 73.0 1095
1760786206708 74.0 1110
1760786206954 74.0 1110
1760786207511 75.0 1125
1760786207759 75.0 1125
1760786208294 76.0 1140
1760786208538 76.0 1140
1760786209083 77.0 1155
1760786209466 77.0 1155
1760786210024 78.0 1170
1760786210262 78.0 1170
1760786210811 79.0 1185
1760786211053 79.0 1185
1760786211590 80.0 1200
1760786211828 80.0 1200
1760786212367 81.0 1215
1760786212598 81.0 1215
1760786213134 82.0 1230
1760786213366 82.0 1230
1760786213903 83.0 1245
1760786214146 83.0 1245
1760786214723 84.0 1260
1760786214962 84.0 1260
1760786215528 85.0 1275
1760786215770 85.0 1275
1760786216322 86.0 1290
1760786216569 86.0 1290
1760786217106 87.0 1305
1760786217360 87.0 1305
1760786217897 88.0 1320
1760786218139 88.0 1320
1760786218680 89.0 1335
1760786218921 89.0 1335
1760786219465 90.0 1350
1760786219702 90.0 1350
1760786220243 91.0 1365
1760786220488 91.0 1365
1760786221018 92.0 1380
1760786221262 92.0 1380
1760786221803 93.0 1395
1760786222050 93.0 1395
1760786222610 94.0 1410
1760786222858 94.0 1410
1760786223414 95.0 1425
1760786223658 95.0 1425
1760786224204 96.0 1440
1760786224438 96.0 1440
1760786224975 97.0 1455
1760786225217 97.0 1455
1760786225754 98.0 1470
1760786225985 98.0 1470
1760786226559 99.0 1485
1760786226800 99.0 1485
1760786227358 100.0 1500
1760786227602 100.0 1500
1760786227731 100.0 1500
