1760786145542 2.6893091201782227 15
1760786147965 2.6239662170410156 30
1760786150147 2.642465114593506 45
1760786151526 2.6083459854125977 60
1760786152175 2.2436187267303467 75
1760786153162 2.228766918182373 90
1760786154039 2.1647987365722656 105
1760786154753 2.206007242202759 120
1760786155472 1.8297245502471924 135
1760786156220 1.8382147550582886 150
1760786156943 1.8409308195114136 165
1760786157602 1.6756263971328735 180
1760786158308 1.810891032218933 195
1760786159040 1.6576826572418213 210
1760786159859 1.5307296514511108 225
1760786160696 1.4364099502563477 240
1760786161546 1.3493196964263916 255
1760786162353 1.3820371627807617 270
1760786163204 1.4289088249206543 285
1760786164086 1.1208020448684692 300
1760786164866 0.9294225573539734 315
1760786165660 0.9994564652442932 330
1760786166449 0.9334025979042053 345
1760786167205 1.1268584728240967 360
1760786168004 0.8741304874420166 375
1760786168803 1.0045629739761353 390
1760786169609 0.9785496592521667 405
1760786170402 0.7111590504646301 420
1760786171177 0.7966856360435486 435
1760786171952 0.8607757687568665 450
1760786172770 0.7200127840042114 465
1760786173563 0.6616705656051636 480
1760786174381 0.7902312874794006 495
1760786175166 0.6028042435646057 510
1760786175960 0.5078997015953064 525
1760786176726 0.4335498511791229 540
1760786177505 0.6065154075622559 555
1760786178274 0.5829891562461853 570
1760786179058 0.6435190439224243 585
1760786179824 0.539141058921814 600
1760786180599 0.5532277226448059 615
1760786181390 0.4983835816383362 630
1760786182172 0.5061568021774292 645
1760786182933 0.5322396755218506 660
1760786183751 0.5957860946655273 675
1760786184568 0.448172003030777 690
1760786185359 0.5357571244239807 705
1760786186134 0.45746755599975586 720
1760786186917 0.6512398719787598 735
1760786187722 0.6659462451934814 750
1760786188542 0.4745601713657379 765
1760786189347 0.4105435907840729 780
1760786190128 0.6045559644699097 795
1760786190910 0.6218733191490173 810
1760786191685 0.6382047533988953 825
1760786192470 0.6583700180053711 840
1760786193287 0.4895535409450531 855
1760786194082 0.45251551270484924 870
1760786194859 0.5720193982124329 885
1760786195662 0.3971482217311859 900
1760786196435 0.5777776837348938 915
1760786197204 0.49209901690483093 930
1760786197984 0.5711825489997864 945
1760786198765 0.4386444389820099 960
1760786199541 0.4419455826282501 975
1760786200324 0.5273352265357971 990
1760786201134 0.4874400496482849 1005
1760786201943 0.46675917506217957 1020
1760786202741 0.5205965042114258 1035
1760786203532 0.4645669758319855 1050
1760786204342 0.42389723658561707 1065
1760786205140 0.3864697515964508 1080
1760786205916 0.44953134655952454 1095
1760786206708 0.41120657324790955 1110
1760786207511 0.5213266611099243 1125
1760786208294 0.459488183259964 1140
1760786209083 0.3705812096595764 1155
1760786210024 0.439511239528656 1170
1760786210811 0.38887983560562134 1185
1760786211590 0.4107972979545593 1200
1760786212367 0.42916247248649597 1215
1760786213134 0.39691492915153503 1230
1760786213903 0.426637202501297 1245
1760786214723 0.3972412943840027 1260
1760786215528 0.37489551305770874 1275
1760786216322 0.5936402678489685 1290
1760786217106 0.3326995372772217 1305
1760786217897 0.3965218961238861 1320
1760786218680 0.43842530250549316 1335
1760786219465 0.3952752947807312 1350
1760786220243 0.4074830710887909 1365
1760786221018 0.3728623390197754 1380
1760786221803 0.41227811574935913 1395
1760786222610 0.3974052369594574 1410
1760786223414 0.32570868730545044 1425
1760786224204 0.42108088731765747 1440
1760786224975 0.501619815826416 1455
1760786225754 0.45172545313835144 1470
1760786226559 0.42055338621139526 1485
1760786227358 0.37007641792297363 1500
