1760786145542 1.9813333333333336e-05 15
1760786147965 1.9613333333333334e-05 30
1760786150147 1.9413333333333336e-05 45
1760786151526 1.9213333333333335e-05 60
1760786152175 1.9013333333333333e-05 75
1760786153162 1.8813333333333335e-05 90
1760786154039 1.8613333333333334e-05 105
1760786154753 1.8413333333333335e-05 120
1760786155472 1.8213333333333334e-05 135
1760786156220 1.8013333333333333e-05 150
1760786156943 1.7813333333333334e-05 165
1760786157602 1.7613333333333336e-05 180
1760786158308 1.7413333333333335e-05 195
1760786159040 1.7213333333333337e-05 210
1760786159859 1.7013333333333335e-05 225
1760786160696 1.6813333333333334e-05 240
1760786161546 1.6613333333333336e-05 255
1760786162353 1.6413333333333334e-05 270
1760786163204 1.6213333333333333e-05 285
1760786164086 1.6013333333333335e-05 300
1760786164866 1.5813333333333333e-05 315
1760786165660 1.5613333333333335e-05 330
1760786166449 1.5413333333333337e-05 345
1760786167205 1.5213333333333336e-05 360
1760786168004 1.5013333333333336e-05 375
1760786168803 1.4813333333333334e-05 390
1760786169609 1.4613333333333335e-05 405
1760786170402 1.4413333333333335e-05 420
1760786171177 1.4213333333333335e-05 435
1760786171952 1.4013333333333334e-05 450
1760786172770 1.3813333333333334e-05 465
1760786173563 1.3613333333333334e-05 480
1760786174381 1.3413333333333334e-05 495
1760786175166 1.3213333333333333e-05 510
1760786175960 1.3013333333333333e-05 525
1760786176726 1.2813333333333335e-05 540
1760786177505 1.2613333333333335e-05 555
1760786178274 1.2413333333333335e-05 570
1760786179058 1.2213333333333336e-05 585
1760786179824 1.2013333333333334e-05 600
1760786180599 1.1813333333333334e-05 615
1760786181390 1.1613333333333335e-05 630
1760786182172 1.1413333333333335e-05 645
1760786182933 1.1213333333333333e-05 660
1760786183751 1.1013333333333333e-05 675
1760786184568 1.0813333333333334e-05 690
1760786185359 1.0613333333333334e-05 705
1760786186134 1.0413333333333336e-05 720
1760786186917 1.0213333333333334e-05 735
1760786187722 1.0013333333333335e-05 750
1760786188542 9.813333333333333e-06 765
1760786189347 9.613333333333335e-06 780
1760786190128 9.413333333333334e-06 795
1760786190910 9.213333333333334e-06 810
1760786191685 9.013333333333334e-06 825
1760786192470 8.813333333333334e-06 840
1760786193287 8.613333333333333e-06 855
1760786194082 8.413333333333335e-06 870
1760786194859 8.213333333333335e-06 885
1760786195662 8.013333333333333e-06 900
1760786196435 7.813333333333334e-06 915
1760786197204 7.613333333333334e-06 930
1760786197984 7.413333333333333e-06 945
1760786198765 7.213333333333334e-06 960
1760786199541 7.0133333333333345e-06 975
1760786200324 6.813333333333334e-06 990
1760786201134 6.613333333333334e-06 1005
1760786201943 6.4133333333333335e-06 1020
1760786202741 6.213333333333334e-06 1035
1760786203532 6.013333333333335e-06 1050
1760786204342 5.813333333333334e-06 1065
1760786205140 5.613333333333334e-06 1080
1760786205916 5.413333333333334e-06 1095
1760786206708 5.213333333333334e-06 1110
1760786207511 5.013333333333333e-06 1125
1760786208294 4.8133333333333336e-06 1140
1760786209083 4.613333333333334e-06 1155
1760786210024 4.413333333333334e-06 1170
1760786210811 4.213333333333333e-06 1185
1760786211590 4.013333333333334e-06 1200
1760786212367 3.813333333333334e-06 1215
1760786213134 3.6133333333333336e-06 1230
1760786213903 3.4133333333333334e-06 1245
1760786214723 3.213333333333334e-06 1260
1760786215528 3.013333333333334e-06 1275
1760786216322 2.8133333333333336e-06 1290
1760786217106 2.6133333333333334e-06 1305
1760786217897 2.4133333333333337e-06 1320
1760786218680 2.2133333333333335e-06 1335
1760786219465 2.0133333333333337e-06 1350
1760786220243 1.8133333333333337e-06 1365
1760786221018 1.6133333333333335e-06 1380
1760786221803 1.4133333333333335e-06 1395
1760786222610 1.2133333333333335e-06 1410
1760786223414 1.0133333333333333e-06 1425
1760786224204 8.133333333333333e-07 1440
1760786224975 6.133333333333333e-07 1455
1760786225754 4.133333333333334e-07 1470
1760786226559 2.1333333333333334e-07 1485
1760786227358 1.3333333333333334e-08 1500
