1760786145542 1.36 15
1760786147965 1.2783 30
1760786150147 1.2034 45
1760786151526 1.1368 60
1760786152175 1.0745 75
1760786153162 1.0177 90
1760786154039 0.9663 105
1760786154753 0.9184 120
1760786155472 0.8751 135
1760786156220 0.835 150
1760786156943 0.7938 165
1760786157602 0.7616 180
1760786158308 0.7311 195
1760786159040 0.7036 210
1760786159859 0.6769 225
1760786160696 0.6516 240
1760786161546 0.6283 255
1760786162353 0.6093 270
1760786163204 0.5855 285
1760786164086 0.5679 300
1760786164866 0.5591 315
1760786165660 0.5399 330
1760786166449 0.5259 345
1760786167205 0.5088 360
1760786168004 0.4981 375
1760786168803 0.4861 390
1760786169609 0.4762 405
1760786170402 0.4679 420
1760786171177 0.4634 435
1760786171952 0.4511 450
1760786172770 0.4449 465
1760786173563 0.4362 480
1760786174381 0.4287 495
1760786175166 0.4301 510
1760786175960 0.4245 525
1760786176726 0.4207 540
1760786177505 0.4079 555
1760786178274 0.4097 570
1760786179058 0.402 585
1760786179824 0.4035 600
1760786180599 0.3975 615
1760786181390 0.3937 630
1760786182172 0.3889 645
1760786182933 0.3866 660
1760786183751 0.3815 675
1760786184568 0.3796 690
1760786185359 0.3801 705
1760786186134 0.3774 720
1760786186917 0.3697 735
1760786187722 0.3683 750
1760786188542 0.367 765
1760786189347 0.3658 780
1760786190128 0.3602 795
1760786190910 0.3577 810
1760786191685 0.3568 825
1760786192470 0.3541 840
1760786193287 0.3522 855
1760786194082 0.35 870
1760786194859 0.3495 885
1760786195662 0.3477 900
1760786196435 0.3493 915
1760786197204 0.3435 930
1760786197984 0.3419 945
1760786198765 0.3407 960
1760786199541 0.3414 975
1760786200324 0.3397 990
1760786201134 0.3375 1005
1760786201943 0.3334 1020
1760786202741 0.3337 1035
1760786203532 0.3345 1050
1760786204342 0.3331 1065
1760786205140 0.3351 1080
1760786205916 0.3288 1095
1760786206708 0.33 1110
1760786207511 0.3262 1125
1760786208294 0.3292 1140
1760786209083 0.3332 1155
1760786210024 0.3272 1170
1760786210811 0.3351 1185
1760786211590 0.3257 1200
1760786212367 0.3271 1215
1760786213134 0.329 1230
1760786213903 0.3255 1245
1760786214723 0.3244 1260
1760786215528 0.3247 1275
1760786216322 0.3236 1290
1760786217106 0.3249 1305
1760786217897 0.325 1320
1760786218680 0.3224 1335
1760786219465 0.3207 1350
1760786220243 0.322 1365
1760786221018 0.32 1380
1760786221803 0.3238 1395
1760786222610 0.3183 1410
1760786223414 0.3161 1425
1760786224204 0.3209 1440
1760786224975 0.321 1455
1760786225754 0.3182 1470
1760786226559 0.3213 1485
1760786227358 0.3188 1500
