1760786303490 1.0 15
1760786303951 1.0 15
1760786307019 2.0 30
1760786307433 2.0 30
1760786310512 3.0 45
1760786310923 3.0 45
1760786314005 4.0 60
1760786314409 4.0 60
1760786317504 5.0 75
1760786317909 5.0 75
1760786320997 6.0 90
1760786321409 6.0 90
1760786324500 7.0 105
1760786324924 7.0 105
1760786328007 8.0 120
1760786328425 8.0 120
1760786331544 9.0 135
1760786331973 9.0 135
1760786335083 10.0 150
1760786335489 10.0 150
1760786338586 11.0 165
1760786339019 11.0 165
1760786342172 12.0 180
1760786342641 12.0 180
1760786345823 13.0 195
1760786346249 13.0 195
1760786349370 14.0 210
1760786349779 14.0 210
1760786352914 15.0 225
1760786353337 15.0 225
1760786356473 16.0 240
1760786356902 16.0 240
1760786360046 17.0 255
1760786360456 17.0 255
1760786363568 18.0 270
1760786363989 18.0 270
1760786367124 19.0 285
1760786367559 19.0 285
1760786370712 20.0 300
1760786371139 20.0 300
1760786374283 21.0 315
1760786374702 21.0 315
1760786377835 22.0 330
1760786378253 22.0 330
1760786381399 23.0 345
1760786381819 23.0 345
1760786384935 24.0 360
1760786385366 24.0 360
1760786388495 25.0 375
1760786388922 25.0 375
1760786392104 26.0 390
1760786392525 26.0 390
1760786395681 27.0 405
1760786396093 27.0 405
1760786399229 28.0 420
1760786399639 28.0 420
1760786402761 29.0 435
1760786403207 29.0 435
1760786406356 30.0 450
1760786406783 30.0 450
1760786409971 31.0 465
1760786410409 31.0 465
1760786413548 32.0 480
1760786413974 32.0 480
1760786417109 33.0 495
1760786417539 33.0 495
1760786420693 34.0 510
1760786421115 34.0 510
1760786424255 35.0 525
1760786424699 35.0 525
1760786427861 36.0 540
1760786428297 36.0 540
1760786431451 37.0 555
1760786431872 37.0 555
1760786435030 38.0 570
1760786435459 38.0 570
1760786438599 39.0 585
1760786439039 39.0 585
1760786442259 40.0 600
1760786442684 40.0 600
1760786445854 41.0 615
1760786446279 41.0 615
1760786449433 42.0 630
1760786449859 42.0 630
1760786453112 43.0 645
1760786453539 43.0 645
1760786456750 44.0 660
1760786457179 44.0 660
1760786460429 45.0 675
1760786460879 45.0 675
1760786464208 46.0 690
1760786464649 46.0 690
1760786467851 47.0 705
1760786468299 47.0 705
1760786471491 48.0 720
1760786471929 48.0 720
1760786475124 49.0 735
1760786475566 49.0 735
1760786478799 50.0 750
1760786479230 50.0 750
1760786482435 51.0 765
1760786482864 51.0 765
1760786486071 52.0 780
1760786486500 52.0 780
1760786489745 53.0 795
1760786490189 53.0 795
1760786493410 54.0 810
1760786493853 54.0 810
1760786497077 55.0 825
1760786497517 55.0 825
1760786500753 56.0 840
1760786501191 56.0 840
1760786504421 57.0 855
1760786504857 57.0 855
1760786508029 58.0 870
1760786508467 58.0 870
1760786511677 59.0 885
1760786512115 59.0 885
1760786515368 60.0 900
1760786515807 60.0 900
1760786519044 61.0 915
1760786519499 61.0 915
1760786522776 62.0 930
1760786523223 62.0 930
1760786526501 63.0 945
1760786526947 63.0 945
1760786530189 64.0 960
1760786530631 64.0 960
1760786533882 65.0 975
1760786534309 65.0 975
1760786537530 66.0 990
1760786537972 66.0 990
1760786541267 67.0 1005
1760786541717 67.0 1005
1760786545017 68.0 1020
1760786545481 68.0 1020
1760786548777 69.0 1035
1760786549221 69.0 1035
1760786552527 70.0 1050
1760786552971 70.0 1050
1760786556305 71.0 1065
1760786556747 71.0 1065
1760786560042 72.0 1080
1760786560489 72.0 1080
1760786563733 73.0 1095
1760786564169 73.0 1095
1760786567429 74.0 1110
1760786567860 74.0 1110
1760786571159 75.0 1125
1760786571666 75.0 1125
1760786574969 76.0 1140
1760786575417 76.0 1140
1760786578699 77.0 1155
1760786579175 77.0 1155
1760786582614 78.0 1170
1760786583086 78.0 1170
1760786586355 79.0 1185
1760786586905 79.0 1185
1760786590271 80.0 1200
1760786590717 80.0 1200
1760786593983 81.0 1215
1760786594427 81.0 1215
1760786597694 82.0 1230
1760786598125 82.0 1230
1760786601387 83.0 1245
1760786601831 83.0 1245
1760786605172 84.0 1260
1760786605617 84.0 1260
1760786608907 85.0 1275
1760786609346 85.0 1275
1760786612607 86.0 1290
1760786613227 86.0 1290
1760786616569 87.0 1305
1760786617015 87.0 1305
1760786620271 88.0 1320
1760786620717 88.0 1320
1760786623957 89.0 1335
1760786624412 89.0 1335
1760786627691 90.0 1350
1760786628142 90.0 1350
1760786631426 91.0 1365
1760786631860 91.0 1365
1760786635109 92.0 1380
1760786635553 92.0 1380
1760786638819 93.0 1395
1760786639267 93.0 1395
1760786642570 94.0 1410
1760786643007 94.0 1410
1760786646329 95.0 1425
1760786646787 95.0 1425
1760786650036 96.0 1440
1760786650476 96.0 1440
1760786653770 97.0 1455
1760786654255 97.0 1455
1760786657608 98.0 1470
1760786658075 98.0 1470
1760786661483 99.0 1485
1760786661938 99.0 1485
1760786665328 100.0 1500
1760786665811 100.0 1500
1760786666027 100.0 1500
