1760786303490 1.6233677864074707 15
1760786307019 1.0154651403427124 30
1760786310512 0.4278467893600464 45
1760786314005 0.8317873477935791 60
1760786317504 0.6805068850517273 75
1760786320997 0.8075420260429382 90
1760786324500 0.5892301201820374 105
1760786328007 0.9377879500389099 120
1760786331544 1.1512881517410278 135
1760786335083 0.8007421493530273 150
1760786338586 0.7428788542747498 165
1760786342172 0.8779115080833435 180
1760786345823 0.9353070855140686 195
1760786349370 0.8386783599853516 210
1760786352914 0.83334881067276 225
1760786356473 0.7651817202568054 240
1760786360046 0.8233479857444763 255
1760786363568 0.7540951371192932 270
1760786367124 1.7452588081359863 285
1760786370712 0.9276153445243835 300
1760786374283 2.3844289779663086 315
1760786377835 1.8166054487228394 330
1760786381399 1.0530444383621216 345
1760786384935 0.8580681085586548 360
1760786388495 0.8646000027656555 375
1760786392104 2.302165985107422 390
1760786395681 1.2500545978546143 405
1760786399229 1.1677082777023315 420
1760786402761 1.340156078338623 435
1760786406356 1.6026870012283325 450
1760786409971 1.2848414182662964 465
1760786413548 2.4000117778778076 480
1760786417109 1.3204392194747925 495
1760786420693 1.6204373836517334 510
1760786424255 2.5386452674865723 525
1760786427861 1.6828025579452515 540
1760786431451 1.1966345310211182 555
1760786435030 0.8622756004333496 570
1760786438599 1.8824695348739624 585
1760786442259 0.9718954563140869 600
1760786445854 1.7099241018295288 615
1760786449433 1.0085514783859253 630
1760786453112 1.0552985668182373 645
1760786456750 1.0657225847244263 660
1760786460429 1.2413069009780884 675
1760786464208 1.9382506608963013 690
1760786467851 1.3582485914230347 705
1760786471491 0.8805520534515381 720
1760786475124 1.0205903053283691 735
1760786478799 2.306591510772705 750
1760786482435 1.5415446758270264 765
1760786486071 1.6991775035858154 780
1760786489745 1.3653156757354736 795
1760786493410 1.2406132221221924 810
1760786497077 0.8809465169906616 825
1760786500753 1.647465467453003 840
1760786504421 1.2405169010162354 855
1760786508029 2.2239487171173096 870
1760786511677 1.0315542221069336 885
1760786515368 1.3897349834442139 900
1760786519044 2.2258925437927246 915
1760786522776 1.800239086151123 930
1760786526501 2.6812968254089355 945
1760786530189 1.6776080131530762 960
1760786533882 1.5215486288070679 975
1760786537530 2.035482406616211 990
1760786541267 1.1994632482528687 1005
1760786545017 0.9358401894569397 1020
1760786548777 1.3346095085144043 1035
1760786552527 1.3924086093902588 1050
1760786556305 0.9605225324630737 1065
1760786560042 1.7747753858566284 1080
1760786563733 0.9320736527442932 1095
1760786567429 1.3028815984725952 1110
1760786571159 2.0084917545318604 1125
1760786574969 1.0443873405456543 1140
1760786578699 2.8842689990997314 1155
1760786582614 1.5315227508544922 1170
1760786586355 2.693037986755371 1185
1760786590271 1.2033737897872925 1200
1760786593983 1.109108805656433 1215
1760786597694 3.6675617694854736 1230
1760786601387 1.3734360933303833 1245
1760786605172 1.1912282705307007 1260
1760786608907 1.0940155982971191 1275
1760786612607 1.493127465248108 1290
1760786616569 1.2067407369613647 1305
1760786620271 2.34676194190979 1320
1760786623957 1.4375323057174683 1335
1760786627691 2.2068421840667725 1350
1760786631426 1.7338250875473022 1365
1760786635109 1.666175127029419 1380
1760786638819 1.7788201570510864 1395
1760786642570 2.075918436050415 1410
1760786646329 1.3552824258804321 1425
1760786650036 1.8408743143081665 1440
1760786653770 1.3849616050720215 1455
1760786657608 1.3667467832565308 1470
1760786661483 1.560428500175476 1485
1760786665328 0.9788963794708252 1500
