1760786303490 1.9813333333333336e-05 15
1760786307019 1.9613333333333334e-05 30
1760786310512 1.9413333333333336e-05 45
1760786314005 1.9213333333333335e-05 60
1760786317504 1.9013333333333333e-05 75
1760786320997 1.8813333333333335e-05 90
1760786324500 1.8613333333333334e-05 105
1760786328007 1.8413333333333335e-05 120
1760786331544 1.8213333333333334e-05 135
1760786335083 1.8013333333333333e-05 150
1760786338586 1.7813333333333334e-05 165
1760786342172 1.7613333333333336e-05 180
1760786345823 1.7413333333333335e-05 195
1760786349370 1.7213333333333337e-05 210
1760786352914 1.7013333333333335e-05 225
1760786356473 1.6813333333333334e-05 240
1760786360046 1.6613333333333336e-05 255
1760786363568 1.6413333333333334e-05 270
1760786367124 1.6213333333333333e-05 285
1760786370712 1.6013333333333335e-05 300
1760786374283 1.5813333333333333e-05 315
1760786377835 1.5613333333333335e-05 330
1760786381399 1.5413333333333337e-05 345
1760786384935 1.5213333333333336e-05 360
1760786388495 1.5013333333333336e-05 375
1760786392104 1.4813333333333334e-05 390
1760786395681 1.4613333333333335e-05 405
1760786399229 1.4413333333333335e-05 420
1760786402761 1.4213333333333335e-05 435
1760786406356 1.4013333333333334e-05 450
1760786409971 1.3813333333333334e-05 465
1760786413548 1.3613333333333334e-05 480
1760786417109 1.3413333333333334e-05 495
1760786420693 1.3213333333333333e-05 510
1760786424255 1.3013333333333333e-05 525
1760786427861 1.2813333333333335e-05 540
1760786431451 1.2613333333333335e-05 555
1760786435030 1.2413333333333335e-05 570
1760786438599 1.2213333333333336e-05 585
1760786442259 1.2013333333333334e-05 600
1760786445854 1.1813333333333334e-05 615
1760786449433 1.1613333333333335e-05 630
1760786453112 1.1413333333333335e-05 645
1760786456750 1.1213333333333333e-05 660
1760786460429 1.1013333333333333e-05 675
1760786464208 1.0813333333333334e-05 690
1760786467851 1.0613333333333334e-05 705
1760786471491 1.0413333333333336e-05 720
1760786475124 1.0213333333333334e-05 735
1760786478799 1.0013333333333335e-05 750
1760786482435 9.813333333333333e-06 765
1760786486071 9.613333333333335e-06 780
1760786489745 9.413333333333334e-06 795
1760786493410 9.213333333333334e-06 810
1760786497077 9.013333333333334e-06 825
1760786500753 8.813333333333334e-06 840
1760786504421 8.613333333333333e-06 855
1760786508029 8.413333333333335e-06 870
1760786511677 8.213333333333335e-06 885
1760786515368 8.013333333333333e-06 900
1760786519044 7.813333333333334e-06 915
1760786522776 7.613333333333334e-06 930
1760786526501 7.413333333333333e-06 945
1760786530189 7.213333333333334e-06 960
1760786533882 7.0133333333333345e-06 975
1760786537530 6.813333333333334e-06 990
1760786541267 6.613333333333334e-06 1005
1760786545017 6.4133333333333335e-06 1020
1760786548777 6.213333333333334e-06 1035
1760786552527 6.013333333333335e-06 1050
1760786556305 5.813333333333334e-06 1065
1760786560042 5.613333333333334e-06 1080
1760786563733 5.413333333333334e-06 1095
1760786567429 5.213333333333334e-06 1110
1760786571159 5.013333333333333e-06 1125
1760786574969 4.8133333333333336e-06 1140
1760786578699 4.613333333333334e-06 1155
1760786582614 4.413333333333334e-06 1170
1760786586355 4.213333333333333e-06 1185
1760786590271 4.013333333333334e-06 1200
1760786593983 3.813333333333334e-06 1215
1760786597694 3.6133333333333336e-06 1230
1760786601387 3.4133333333333334e-06 1245
1760786605172 3.213333333333334e-06 1260
1760786608907 3.013333333333334e-06 1275
1760786612607 2.8133333333333336e-06 1290
1760786616569 2.6133333333333334e-06 1305
1760786620271 2.4133333333333337e-06 1320
1760786623957 2.2133333333333335e-06 1335
1760786627691 2.0133333333333337e-06 1350
1760786631426 1.8133333333333337e-06 1365
1760786635109 1.6133333333333335e-06 1380
1760786638819 1.4133333333333335e-06 1395
1760786642570 1.2133333333333335e-06 1410
1760786646329 1.0133333333333333e-06 1425
1760786650036 8.133333333333333e-07 1440
1760786653770 6.133333333333333e-07 1455
1760786657608 4.133333333333334e-07 1470
1760786661483 2.1333333333333334e-07 1485
1760786665328 1.3333333333333334e-08 1500
