1760786303490 0.7783 15
1760786307019 0.5669 30
1760786310512 0.5311 45
1760786314005 0.5028 60
1760786317504 0.4879 75
1760786320997 0.4622 90
1760786324500 0.4404 105
1760786328007 0.4171 120
1760786331544 0.4082 135
1760786335083 0.3898 150
1760786338586 0.3707 165
1760786342172 0.3587 180
1760786345823 0.3459 195
1760786349370 0.337 210
1760786352914 0.3251 225
1760786356473 0.3165 240
1760786360046 0.3064 255
1760786363568 0.2957 270
1760786367124 0.283 285
1760786370712 0.2865 300
1760786374283 0.2833 315
1760786377835 0.2755 330
1760786381399 0.2694 345
1760786384935 0.2588 360
1760786388495 0.2567 375
1760786392104 0.2536 390
1760786395681 0.2437 405
1760786399229 0.2392 420
1760786402761 0.2432 435
1760786406356 0.2338 450
1760786409971 0.2311 465
1760786413548 0.2294 480
1760786417109 0.2215 495
1760786420693 0.2228 510
1760786424255 0.2184 525
1760786427861 0.213 540
1760786431451 0.2037 555
1760786435030 0.2033 570
1760786438599 0.1991 585
1760786442259 0.1974 600
1760786445854 0.1958 615
1760786449433 0.1911 630
1760786453112 0.1874 645
1760786456750 0.186 660
1760786460429 0.1818 675
1760786464208 0.1865 690
1760786467851 0.1759 705
1760786471491 0.177 720
1760786475124 0.1707 735
1760786478799 0.1729 750
1760786482435 0.1691 765
1760786486071 0.1673 780
1760786489745 0.1624 795
1760786493410 0.1609 810
1760786497077 0.1589 825
1760786500753 0.1596 840
1760786504421 0.1594 855
1760786508029 0.1533 870
1760786511677 0.1559 885
1760786515368 0.1524 900
1760786519044 0.1521 915
1760786522776 0.1484 930
1760786526501 0.1492 945
1760786530189 0.1489 960
1760786533882 0.1487 975
1760786537530 0.1454 990
1760786541267 0.1429 1005
1760786545017 0.1394 1020
1760786548777 0.14 1035
1760786552527 0.1394 1050
1760786556305 0.1383 1065
1760786560042 0.1398 1080
1760786563733 0.1331 1095
1760786567429 0.1367 1110
1760786571159 0.1361 1125
1760786574969 0.1337 1140
1760786578699 0.1365 1155
1760786582614 0.1339 1170
1760786586355 0.1409 1185
1760786590271 0.1316 1200
1760786593983 0.1308 1215
1760786597694 0.1387 1230
1760786601387 0.1289 1245
1760786605172 0.1291 1260
1760786608907 0.1276 1275
1760786612607 0.1277 1290
1760786616569 0.1277 1305
1760786620271 0.1306 1320
1760786623957 0.1278 1335
1760786627691 0.1295 1350
1760786631426 0.127 1365
1760786635109 0.1284 1380
1760786638819 0.1302 1395
1760786642570 0.1274 1410
1760786646329 0.1253 1425
1760786650036 0.1254 1440
1760786653770 0.1254 1455
1760786657608 0.1272 1470
1760786661483 0.1273 1485
1760786665328 0.1238 1500
