1761184556891 1.0 15
1761184558200 1.0 15
1761184560585 2.0 30
1761184561377 2.0 30
1761184563252 3.0 45
1761184564252 3.0 45
1761184566324 4.0 60
1761184567232 4.0 60
1761184569267 5.0 75
1761184570075 5.0 75
1761184572052 6.0 90
1761184572889 6.0 90
1761184574829 7.0 105
1761184575732 7.0 105
1761184577636 8.0 120
1761184578464 8.0 120
1761184580335 9.0 135
1761184581106 9.0 135
1761184583042 10.0 150
1761184583747 10.0 150
1761184585514 11.0 165
1761184586273 11.0 165
1761184588349 12.0 180
1761184589186 12.0 180
1761184591042 13.0 195
1761184591806 13.0 195
1761184593528 14.0 210
1761184594275 14.0 210
1761184596164 15.0 225
1761184596894 15.0 225
1761184598850 16.0 240
1761184599595 16.0 240
1761184601433 17.0 255
1761184602251 17.0 255
1761184604407 18.0 270
1761184605132 18.0 270
1761184607022 19.0 285
1761184607875 19.0 285
1761184609691 20.0 300
1761184610462 20.0 300
1761184612404 21.0 315
1761184613143 21.0 315
1761184614978 22.0 330
1761184615732 22.0 330
1761184617726 23.0 345
1761184618473 23.0 345
1761184620306 24.0 360
1761184621049 24.0 360
1761184622893 25.0 375
1761184623664 25.0 375
1761184625719 26.0 390
1761184626479 26.0 390
1761184628160 27.0 405
1761184629011 27.0 405
1761184631149 28.0 420
1761184632142 28.0 420
1761184633911 29.0 435
1761184634733 29.0 435
1761184636462 30.0 450
1761184637266 30.0 450
1761184639349 31.0 465
1761184640179 31.0 465
1761184642225 32.0 480
1761184642987 32.0 480
1761184644904 33.0 495
1761184645655 33.0 495
1761184647812 34.0 510
1761184648553 34.0 510
1761184650490 35.0 525
1761184651304 35.0 525
1761184653162 36.0 540
1761184653906 36.0 540
1761184655772 37.0 555
1761184656462 37.0 555
1761184658291 38.0 570
1761184659001 38.0 570
1761184661004 39.0 585
1761184661752 39.0 585
1761184663455 40.0 600
1761184664159 40.0 600
1761184666068 41.0 615
1761184666866 41.0 615
1761184668787 42.0 630
1761184669527 42.0 630
1761184671213 43.0 645
1761184671955 43.0 645
1761184673777 44.0 660
1761184674524 44.0 660
1761184676272 45.0 675
1761184677142 45.0 675
1761184679051 46.0 690
1761184679755 46.0 690
1761184681494 47.0 705
1761184682253 47.0 705
1761184684206 48.0 720
1761184685044 48.0 720
1761184686705 49.0 735
1761184687432 49.0 735
1761184689425 50.0 750
1761184690301 50.0 750
1761184692300 51.0 765
1761184693049 51.0 765
1761184694910 52.0 780
1761184695741 52.0 780
1761184697612 53.0 795
1761184698503 53.0 795
1761184700445 54.0 810
1761184701252 54.0 810
1761184703157 55.0 825
1761184703925 55.0 825
1761184705731 56.0 840
1761184706505 56.0 840
1761184708427 57.0 855
1761184709231 57.0 855
1761184711256 58.0 870
1761184712095 58.0 870
1761184714055 59.0 885
1761184714806 59.0 885
1761184716561 60.0 900
1761184717353 60.0 900
1761184719393 61.0 915
1761184720138 61.0 915
1761184721862 62.0 930
1761184722647 62.0 930
1761184724803 63.0 945
1761184725550 63.0 945
1761184727511 64.0 960
1761184728369 64.0 960
1761184730304 65.0 975
1761184731088 65.0 975
1761184733123 66.0 990
1761184733898 66.0 990
1761184735586 67.0 1005
1761184736359 67.0 1005
1761184738117 68.0 1020
1761184738904 68.0 1020
1761184740989 69.0 1035
1761184741737 69.0 1035
1761184743684 70.0 1050
1761184744468 70.0 1050
1761184746412 71.0 1065
1761184747150 71.0 1065
1761184749049 72.0 1080
1761184749796 72.0 1080
1761184751795 73.0 1095
1761184752474 73.0 1095
1761184754111 74.0 1110
1761184754879 74.0 1110
1761184756898 75.0 1125
1761184757612 75.0 1125
1761184759550 76.0 1140
1761184760289 76.0 1140
1761184762295 77.0 1155
1761184763133 77.0 1155
1761184765060 78.0 1170
1761184765817 78.0 1170
1761184767804 79.0 1185
1761184768583 79.0 1185
1761184770567 80.0 1200
1761184771378 80.0 1200
1761184773185 81.0 1215
1761184773971 81.0 1215
1761184775845 82.0 1230
1761184776740 82.0 1230
1761184778915 83.0 1245
1761184779635 83.0 1245
1761184781235 84.0 1260
1761184782013 84.0 1260
1761184783932 85.0 1275
1761184784703 85.0 1275
1761184786548 86.0 1290
1761184787297 86.0 1290
1761184789030 87.0 1305
1761184789787 87.0 1305
1761184791658 88.0 1320
1761184792426 88.0 1320
1761184794315 89.0 1335
1761184795097 89.0 1335
1761184796948 90.0 1350
1761184797704 90.0 1350
1761184799390 91.0 1365
1761184800151 91.0 1365
1761184802177 92.0 1380
1761184802902 92.0 1380
1761184804650 93.0 1395
1761184805412 93.0 1395
1761184807701 94.0 1410
1761184808432 94.0 1410
1761184810072 95.0 1425
1761184810886 95.0 1425
1761184812767 96.0 1440
1761184813556 96.0 1440
1761184815429 97.0 1455
1761184816164 97.0 1455
1761184818368 98.0 1470
1761184819271 98.0 1470
1761184821396 99.0 1485
1761184822162 99.0 1485
1761184824098 100.0 1500
1761184824846 100.0 1500
1761184825243 100.0 1500
