1761184556891 0.7776654958724976 15
1761184560585 0.7839833498001099 30
1761184563252 0.7880606651306152 45
1761184566324 0.8138812780380249 60
1761184569267 0.73647540807724 75
1761184572052 0.7307013273239136 90
1761184574829 0.7539941668510437 105
1761184577636 0.793484091758728 120
1761184580335 0.7017619013786316 135
1761184583042 0.771243691444397 150
1761184585514 0.7975354790687561 165
1761184588349 0.7304147481918335 180
1761184591042 0.8321447372436523 195
1761184593528 0.7550173997879028 210
1761184596164 0.6673420667648315 225
1761184598850 0.5697858929634094 240
1761184601433 0.4235794246196747 255
1761184604407 0.4595414102077484 270
1761184607022 0.5395433902740479 285
1761184609691 0.3043571710586548 300
1761184612404 0.25366315245628357 315
1761184614978 0.32691365480422974 330
1761184617726 0.2543654143810272 345
1761184620306 0.4365594983100891 360
1761184622893 0.22375348210334778 375
1761184625719 0.3183177411556244 390
1761184628160 0.38033387064933777 405
1761184631149 0.22966709733009338 420
1761184633911 0.3171968460083008 435
1761184636462 0.39034032821655273 450
1761184639349 0.27190810441970825 465
1761184642225 0.26316866278648376 480
1761184644904 0.34312376379966736 495
1761184647812 0.31587454676628113 510
1761184650490 0.24302081763744354 525
1761184653162 0.39575815200805664 540
1761184655772 0.31122887134552 555
1761184658291 0.22196772694587708 570
1761184661004 0.35327377915382385 585
1761184663455 0.22612112760543823 600
1761184666068 0.19114260375499725 615
1761184668787 0.23790034651756287 630
1761184671213 0.214475616812706 645
1761184673777 0.29045039415359497 660
1761184676272 0.2814885675907135 675
1761184679051 0.2612944543361664 690
1761184681494 0.23643669486045837 705
1761184684206 0.2229134738445282 720
1761184686705 0.32652518153190613 735
1761184689425 0.3571247458457947 750
1761184692300 0.2444576472043991 765
1761184694910 0.2572697401046753 780
1761184697612 0.26342281699180603 795
1761184700445 0.320979505777359 810
1761184703157 0.35419702529907227 825
1761184705731 0.3281741440296173 840
1761184708427 0.19931577146053314 855
1761184711256 0.22880664467811584 870
1761184714055 0.3680231273174286 885
1761184716561 0.27166152000427246 900
1761184719393 0.31310930848121643 915
1761184721862 0.24873384833335876 930
1761184724803 0.37192997336387634 945
1761184727511 0.25487637519836426 960
1761184730304 0.23276761174201965 975
1761184733123 0.2655993103981018 990
1761184735586 0.23557184636592865 1005
1761184738117 0.27462130784988403 1020
1761184740989 0.21774040162563324 1035
1761184743684 0.2627355754375458 1050
1761184746412 0.26373937726020813 1065
1761184749049 0.2031540870666504 1080
1761184751795 0.24139553308486938 1095
1761184754111 0.2034180462360382 1110
1761184756898 0.23437325656414032 1125
1761184759550 0.235592782497406 1140
1761184762295 0.3095579445362091 1155
1761184765060 0.22448113560676575 1170
1761184767804 0.2369566559791565 1185
1761184770567 0.23267298936843872 1200
1761184773185 0.24901963770389557 1215
1761184775845 0.32657667994499207 1230
1761184778915 0.24397630989551544 1245
1761184781235 0.20382466912269592 1260
1761184783932 0.24393878877162933 1275
1761184786548 0.351881742477417 1290
1761184789030 0.2983514964580536 1305
1761184791658 0.24565336108207703 1320
1761184794315 0.2198769897222519 1335
1761184796948 0.24267835915088654 1350
1761184799390 0.2318868190050125 1365
1761184802177 0.2737474739551544 1380
1761184804650 0.2241106480360031 1395
1761184807701 0.23395156860351562 1410
1761184810072 0.210358664393425 1425
1761184812767 0.22888191044330597 1440
1761184815429 0.21259872615337372 1455
1761184818368 0.26055219769477844 1470
1761184821396 0.24375230073928833 1485
1761184824098 0.2311515212059021 1500
