1761184556891 1.9813333333333336e-05 15
1761184560585 1.9613333333333334e-05 30
1761184563252 1.9413333333333336e-05 45
1761184566324 1.9213333333333335e-05 60
1761184569267 1.9013333333333333e-05 75
1761184572052 1.8813333333333335e-05 90
1761184574829 1.8613333333333334e-05 105
1761184577636 1.8413333333333335e-05 120
1761184580335 1.8213333333333334e-05 135
1761184583042 1.8013333333333333e-05 150
1761184585514 1.7813333333333334e-05 165
1761184588349 1.7613333333333336e-05 180
1761184591042 1.7413333333333335e-05 195
1761184593528 1.7213333333333337e-05 210
1761184596164 1.7013333333333335e-05 225
1761184598850 1.6813333333333334e-05 240
1761184601433 1.6613333333333336e-05 255
1761184604407 1.6413333333333334e-05 270
1761184607022 1.6213333333333333e-05 285
1761184609691 1.6013333333333335e-05 300
1761184612404 1.5813333333333333e-05 315
1761184614978 1.5613333333333335e-05 330
1761184617726 1.5413333333333337e-05 345
1761184620306 1.5213333333333336e-05 360
1761184622893 1.5013333333333336e-05 375
1761184625719 1.4813333333333334e-05 390
1761184628160 1.4613333333333335e-05 405
1761184631149 1.4413333333333335e-05 420
1761184633911 1.4213333333333335e-05 435
1761184636462 1.4013333333333334e-05 450
1761184639349 1.3813333333333334e-05 465
1761184642225 1.3613333333333334e-05 480
1761184644904 1.3413333333333334e-05 495
1761184647812 1.3213333333333333e-05 510
1761184650490 1.3013333333333333e-05 525
1761184653162 1.2813333333333335e-05 540
1761184655772 1.2613333333333335e-05 555
1761184658291 1.2413333333333335e-05 570
1761184661004 1.2213333333333336e-05 585
1761184663455 1.2013333333333334e-05 600
1761184666068 1.1813333333333334e-05 615
1761184668787 1.1613333333333335e-05 630
1761184671213 1.1413333333333335e-05 645
1761184673777 1.1213333333333333e-05 660
1761184676272 1.1013333333333333e-05 675
1761184679051 1.0813333333333334e-05 690
1761184681494 1.0613333333333334e-05 705
1761184684206 1.0413333333333336e-05 720
1761184686705 1.0213333333333334e-05 735
1761184689425 1.0013333333333335e-05 750
1761184692300 9.813333333333333e-06 765
1761184694910 9.613333333333335e-06 780
1761184697612 9.413333333333334e-06 795
1761184700445 9.213333333333334e-06 810
1761184703157 9.013333333333334e-06 825
1761184705731 8.813333333333334e-06 840
1761184708427 8.613333333333333e-06 855
1761184711256 8.413333333333335e-06 870
1761184714055 8.213333333333335e-06 885
1761184716561 8.013333333333333e-06 900
1761184719393 7.813333333333334e-06 915
1761184721862 7.613333333333334e-06 930
1761184724803 7.413333333333333e-06 945
1761184727511 7.213333333333334e-06 960
1761184730304 7.0133333333333345e-06 975
1761184733123 6.813333333333334e-06 990
1761184735586 6.613333333333334e-06 1005
1761184738117 6.4133333333333335e-06 1020
1761184740989 6.213333333333334e-06 1035
1761184743684 6.013333333333335e-06 1050
1761184746412 5.813333333333334e-06 1065
1761184749049 5.613333333333334e-06 1080
1761184751795 5.413333333333334e-06 1095
1761184754111 5.213333333333334e-06 1110
1761184756898 5.013333333333333e-06 1125
1761184759550 4.8133333333333336e-06 1140
1761184762295 4.613333333333334e-06 1155
1761184765060 4.413333333333334e-06 1170
1761184767804 4.213333333333333e-06 1185
1761184770567 4.013333333333334e-06 1200
1761184773185 3.813333333333334e-06 1215
1761184775845 3.6133333333333336e-06 1230
1761184778915 3.4133333333333334e-06 1245
1761184781235 3.213333333333334e-06 1260
1761184783932 3.013333333333334e-06 1275
1761184786548 2.8133333333333336e-06 1290
1761184789030 2.6133333333333334e-06 1305
1761184791658 2.4133333333333337e-06 1320
1761184794315 2.2133333333333335e-06 1335
1761184796948 2.0133333333333337e-06 1350
1761184799390 1.8133333333333337e-06 1365
1761184802177 1.6133333333333335e-06 1380
1761184804650 1.4133333333333335e-06 1395
1761184807701 1.2133333333333335e-06 1410
1761184810072 1.0133333333333333e-06 1425
1761184812767 8.133333333333333e-07 1440
1761184815429 6.133333333333333e-07 1455
1761184818368 4.133333333333334e-07 1470
1761184821396 2.1333333333333334e-07 1485
1761184824098 1.3333333333333334e-08 1500
