1761184556891 1.1353 15
1761184560585 1.1094 30
1761184563252 1.0849 45
1761184566324 1.0608 60
1761184569267 1.0365 75
1761184572052 1.0121 90
1761184574829 0.9865 105
1761184577636 0.9607 120
1761184580335 0.932 135
1761184583042 0.9012 150
1761184585514 0.8693 165
1761184588349 0.8346 180
1761184591042 0.7953 195
1761184593528 0.7555 210
1761184596164 0.7148 225
1761184598850 0.6749 240
1761184601433 0.6428 255
1761184604407 0.628 270
1761184607022 0.612 285
1761184609691 0.6086 300
1761184612404 0.6027 315
1761184614978 0.5938 330
1761184617726 0.5862 345
1761184620306 0.5746 360
1761184622893 0.5727 375
1761184625719 0.5634 390
1761184628160 0.5574 405
1761184631149 0.5557 420
1761184633911 0.5535 435
1761184636462 0.5441 450
1761184639349 0.5458 465
1761184642225 0.5389 480
1761184644904 0.5312 495
1761184647812 0.5289 510
1761184650490 0.5283 525
1761184653162 0.5284 540
1761184655772 0.5181 555
1761184658291 0.5153 570
1761184661004 0.51 585
1761184663455 0.5077 600
1761184666068 0.5054 615
1761184668787 0.5009 630
1761184671213 0.499 645
1761184673777 0.4951 660
1761184676272 0.491 675
1761184679051 0.4899 690
1761184681494 0.4868 705
1761184684206 0.4864 720
1761184686705 0.477 735
1761184689425 0.4756 750
1761184692300 0.4755 765
1761184694910 0.4776 780
1761184697612 0.4686 795
1761184700445 0.4659 810
1761184703157 0.4607 825
1761184705731 0.4581 840
1761184708427 0.4587 855
1761184711256 0.4587 870
1761184714055 0.4556 885
1761184716561 0.4559 900
1761184719393 0.4549 915
1761184721862 0.4489 930
1761184724803 0.4442 945
1761184727511 0.4458 960
1761184730304 0.4448 975
1761184733123 0.4425 990
1761184735586 0.4394 1005
1761184738117 0.4353 1020
1761184740989 0.4342 1035
1761184743684 0.4413 1050
1761184746412 0.4377 1065
1761184749049 0.4357 1080
1761184751795 0.4336 1095
1761184754111 0.4302 1110
1761184756898 0.4253 1125
1761184759550 0.4288 1140
1761184762295 0.4347 1155
1761184765060 0.4286 1170
1761184767804 0.434 1185
1761184770567 0.4244 1200
1761184773185 0.4265 1215
1761184775845 0.4259 1230
1761184778915 0.4243 1245
1761184781235 0.4239 1260
1761184783932 0.4251 1275
1761184786548 0.4197 1290
1761184789030 0.4234 1305
1761184791658 0.4232 1320
1761184794315 0.4209 1335
1761184796948 0.4206 1350
1761184799390 0.4211 1365
1761184802177 0.4188 1380
1761184804650 0.4219 1395
1761184807701 0.4186 1410
1761184810072 0.4147 1425
1761184812767 0.4198 1440
1761184815429 0.4176 1455
1761184818368 0.4149 1470
1761184821396 0.4213 1485
1761184824098 0.4157 1500
